Star,FeO,Na2O,MgO,Al2O3,SiO2,CaO,TiO2,Cr2O3
Sun,0.07843355669392497,0.003072433100290185,0.38392134916182385,0.032017784357349,0.4694866724168733,0.03141601245518626,0.0016521918145524508,0.0
BD+062932
BD+063077
BD+083095
BD-002387,0.05967069513647331,0.005298761430483769,0.28037632057333267,0.041095102394060445,0.5679703382920697,0.041416917821526227,0.004171864352054081,0.0
BD-010184,0.08002608666539927,0.0036500527483594777,0.36973617608835035,0.05307388543741878,0.45335948922397246,0.036074810084751406,0.004079499751748238,0.0
BD-012505,0.07835453467718405,0.004235317939767487,0.3543907942230646,0.04192498903031381,0.4753781938479866,0.04109742929218901,0.004618740989494483,0.0
BD-033746,0.09500323983113179,0.0012014278156220494,0.44094145114006245,0.048448182243554995,0.3393792835024669,0.06750541533016294,0.007521000136998898,0.0
BD-034797,0.08125892696205467,0.005611240953734897,0.3767000163247191,0.0493646155903508,0.4500492772070753,0.03278052761505729,0.004235395347007876,0.0
BD-044138,0.08201693775691016,0.005321296389553393,0.3732377661103057,0.05055313915519221,0.44108543889054297,0.044017780605380384,0.0037676410921150647,0.0
BD-050484
BD-050578
BD-053176,0.08212469449074143,0.005291498708424214,0.3768876346105922,0.04933135815861496,0.4474268813206783,0.034546473841337265,0.004391458869611554,0.0
BD-053596,0.08369034467999271,0.0034855892678027907,0.37064233539705976,0.05537342686684312,0.425315479873938,0.05686646944655801,0.004626354467805631,0.0
BD-054065,0.0802235954467372,0.00242881010348789,0.4005945048198924,0.02588745035464598,0.45778124081348126,0.03006172757924905,0.003022670882506185,0.0
BD-060904,0.08076576705493821,0.0026977163660763474,0.40284248205951406,0.029593424505942788,0.44839425631992513,0.032271331930300594,0.00343502176330273,0.0
BD-063481,0.0769558820716892,0.0037263970240529205,0.3690063661362811,0.03150051789388471,0.48443741449991007,0.031251470039166174,0.00312195233501595,0.0
BD-064196,0.07345776841841421,0.002687136289074087,0.3422976505849364,0.028113377041786073,0.5139059296639984,0.03621532437623637,0.0033228136255544598,0.0
BD-064756,0.07969449077750843,0.003243883411811434,0.36890958270567076,0.02983120202015581,0.467585075450327,0.04638929515382158,0.004346470480705016,0.0
BD-082534
BD-082823,0.07215545393889035,0.003985158590819706,0.3289116792636,0.03564361911599309,0.5147692611880387,0.0411464286611774,0.0033883992414807267,0.0
BD-090872,0.07751709729553723,0.003096712989382297,0.3564212034487201,0.025699949989418408,0.4795673415789254,0.053464694478832675,0.004233000219183877,0.0
BD-091261,0.09034805037900767,0.0011599022850856781,0.418236587858189,0.05096897765408942,0.3784336062607305,0.05544963493331441,0.005403240629583326,0.0
BD-092670,0.08094867456077974,0.003273536411788603,0.37303828962618024,0.031118267524831444,0.4684057228331388,0.03902667921005165,0.004188829833229712,0.0
BD-094191,0.0794671902404569,0.003447624611104185,0.36084916005867795,0.03605984424622881,0.4678017937727807,0.04854350253124539,0.003830884539506055,0.0
BD-112763,0.08283439831688227,0.001977832703159653,0.40839520148204783,0.0282926754832775,0.44412352195788957,0.0312481776127391,0.003128192444003935,0.0
BD-120327
BD-123458
BD-130116,0.0786596047411467,0.00569098279673921,0.32589464838214316,0.06759286286952737,0.4461159072948357,0.0709861366479443,0.005059857267663531,0.0
BD-130321,0.0758735647802107,0.0050423962906932535,0.3442805390025754,0.04881211497081341,0.4851650610788402,0.036477759907996926,0.004348563968870093,0.0
BD-131161,0.08224564293722213,0.003001631526565427,0.4012670004593606,0.06096064703230639,0.4224023879033421,0.026909702619494897,0.003212987521708473,0.0
BD-140184
BD-145003
BD-160308
BD-160931,0.06359890478826795,0.0028153453516415374,0.3027609848822883,0.026862025895921977,0.5632258669817284,0.036942872172736,0.003793999927415705,0.0
BD-170063
BD-173242,0.08373232621461409,0.00382893361830085,0.37782029815633067,0.04025655253075344,0.43712002994386684,0.05269698352235793,0.004544876013776357,0.0
BD-195953,0.0725422102915283,0.003983503901555121,0.3326178195322722,0.04325009566320225,0.5091102629242981,0.03480691687159411,0.0036891908155500864,0.0
BD-213153,0.08470245676799015,0.0018152198680240485,0.4063126156764512,0.03014306253909147,0.4350240682441782,0.0386348032963568,0.0033677736079081606,0.0
BD-223528,0.07967731292334176,0.0036566923656945693,0.3732530744519655,0.037135437115911815,0.4667930458736674,0.03599530559332515,0.0034891316760937586,0.0
CD-2310879,0.07673427836815921,0.002962013543452603,0.35251106221036893,0.04562190535310741,0.48276525122403097,0.03544284663189151,0.003962642668989225,0.0
CD-436810
CD-4512460,0.07505270446875534,0.0017158061919979976,0.3639947953169697,0.02700600061451672,0.489681660229775,0.03772962943148134,0.004819403746503925,0.0
CD-452997
CD-571633,0.071004831993311,0.0011144323128074631,0.3358952945375927,0.2074770624061173,0.34693763711663883,0.03414592277557687,0.0034248188579558683,0.0
HD10002,0.07948136235558051,0.003472783438255608,0.3864447698811579,0.03392778676565898,0.46705709491054254,0.026059392366602766,0.0035568102822016046,0.0
HD100289,0.07900504673759606,0.0036034472673518777,0.38936150038056544,0.03138044149755906,0.46447813843090185,0.02886122158829721,0.003310204097728538,0.0
HD100508,0.07361364826784215,0.004941184982892246,0.3497321688151946,0.03313086971124303,0.5094814221052946,0.024964174952796736,0.004136531164736609,0.0
HD100777
HD101339,0.07933943676266086,0.003228597631118879,0.37620386886653256,0.03199440970286128,0.4732293729816511,0.03244497156006467,0.003559342495110643,0.0
HD101367,0.07733072624264793,0.004947851493359718,0.3691880894133482,0.03579628027104645,0.4821823404665314,0.026633824399325604,0.003920887713740761,0.0
HD101581,0.08227761372695491,0.003504509274611388,0.386758959454746,0.038103100038556596,0.43675711594127753,0.04835273781352714,0.0042459637503264504,0.0
HD101612,0.07753233678137961,0.003444534480602255,0.362740661696323,0.029451281753123223,0.4863605853892746,0.036656292406254086,0.0038143074930431825,0.0
HD101644,0.0793657570516728,0.0033147250087718193,0.3925617990007016,0.028920678084540845,0.4593788009721671,0.032857929425453264,0.003600310456692601,0.0
HD101650
HD10166
HD10180,0.07936713623961757,0.0037931693365495754,0.382673640065288,0.03511110692222005,0.4655537918966875,0.030041885297173512,0.0034592702424638545,0.0
HD101930,0.08249729545898571,0.0034871699314688548,0.41490830859064953,0.0294945596684961,0.4387263578481905,0.02718681978907583,0.003699488713133562,0.0
HD102117,0.07857651657654854,0.0035600696350980435,0.3799802554544244,0.03450427148835534,0.47221082088242783,0.027651778493634163,0.0035162874695116595,0.0
HD102136,0.07678514349218071,0.0031111226669111288,0.3654491837686325,0.026583208990967576,0.49248384058552397,0.03229797576789454,0.0032895247278896854,0.0
HD102300
HD102365
HD102438
HD102843,0.08050431935371906,0.0026736606416097987,0.39280330744835906,0.03359535466285667,0.46001126683778737,0.026952843625739673,0.003459247429928363,0.0
HD103197,0.07836734461674767,0.003469917247125601,0.3878426326770032,0.027448712524448,0.4734909655883249,0.025801026503177855,0.0035794008431728947,0.0
HD103720,0.07398343694439134,0.0030047996267426468,0.34813626279844545,0.02908115114456222,0.5099160012125127,0.03252014922818667,0.003358199045158879,0.0
HD103891
HD103949,0.0797747991138711,0.0035813452913766534,0.3790397043091943,0.034597134288560004,0.4693843897549326,0.029835720981123397,0.003786906260942004,0.0
HD104006
HD104067,0.07929551803951079,0.0031923493975350866,0.3901681852911408,0.028535965736253697,0.4616822091705357,0.03395030016052383,0.0031754722045001676,0.0
HD104263
HD104760A,0.08050695544423164,0.0037805386100000214,0.3782998225666412,0.038230029816866615,0.4632546426014075,0.03240802446972945,0.0035199864911237256,0.0
HD104800
HD104982,0.08216564844030878,0.0030581759246937445,0.4028747407155215,0.03382878093203238,0.44351111682814337,0.031231240621026307,0.003330296538273837,0.0
HD105004
HD105671,0.07941410726666191,0.0030413387773032836,0.36442848133605193,0.04215576845342171,0.4698052837271438,0.037707469331289774,0.003447551108127708,0.0
HD105779,0.07939616691729327,0.003226279550185705,0.38071473965534997,0.03351220746424685,0.4671175031767665,0.03253211645410831,0.0035009867820494527,0.0
HD105837
HD105938,0.07730097556156001,0.002752387888052396,0.3602624794954034,0.040665897789475804,0.48198082955354676,0.032996908627681606,0.0040405210842800595,0.0
HD106116,0.08008844352044331,0.003616243955333587,0.38535111494509805,0.033726673654771055,0.4646513748877412,0.029021881153681893,0.003544267882930839,0.0
HD106275,0.07695650338421992,0.0032688707979820863,0.3654793236845441,0.03179307668820806,0.48931618141320504,0.029197022982341555,0.00398902104949922,0.0
HD106290,0.07226170848086894,0.004051167238339781,0.3320381448684241,0.04151916716497716,0.5129733079247231,0.03341368080260154,0.0037428235200654093,0.0
HD10647,0.07653599566434752,0.002977600287569773,0.3516275043635708,0.03439878452765782,0.4932947660346665,0.03707839902471704,0.004086950097470512,0.0
HD106589,0.08028024025003788,0.0028343707672860443,0.3902302011315839,0.03809881011452961,0.453322932645101,0.03191054289240181,0.0033229021990598775,0.0
HD10700
HD107094
HD107148,0.07997486161474802,0.004805275248015427,0.38476397145581814,0.03605893753191744,0.4610708375394481,0.02965750447077237,0.0036686121392806776,0.0
HD108063
HD108147,0.07429201880717438,0.003103073775071092,0.3416255963359192,0.03558545020454636,0.5058537596401329,0.03569467902105223,0.0038454222161037757,0.0
HD108309,0.07945916565718296,0.0035402248297105856,0.38450323137138775,0.03454438472425839,0.4654387401649943,0.029118643311860586,0.0033956099406054264,0.0
HD108341,0.07461460951676392,0.002950782569492542,0.3576657231730362,0.02958968673398862,0.50551943363515,0.026304331056762983,0.003355433314805809,0.0
HD108564
HD108768,0.07911929417398858,0.003740624468487982,0.37057882003044773,0.03240769002983642,0.4781570556614274,0.03233622926109205,0.0036602863747199894,0.0
HD108935,0.08506175827906091,0.003022946276955005,0.41650438689075553,0.038997077713521545,0.41629149171357044,0.03639864718700845,0.00372369193912813,0.0
HD10895,0.08115917712334399,0.002796101321959373,0.3934734082173011,0.02290859834610149,0.46035361993537405,0.03574348490632225,0.0035656101495977004,0.0
HD109098,0.0790611324075492,0.0036107141733096757,0.38121572541029863,0.03505656915368507,0.46848932062669585,0.0290015635080691,0.0035649747203924708,0.0
HD109200
HD109271,0.08206982146766209,0.002777222107609345,0.38838501491937133,0.035788549622882776,0.454614182314457,0.03275035549110548,0.003614854076911947,0.0
HD109310
HD109368,0.08803139885829471,0.0022686273716838487,0.41586742974054625,0.03209368969965983,0.41430566336730534,0.043963774832941414,0.00346941612956859,0.0
HD109409,0.07819966066703667,0.004798999526629285,0.3705266643959708,0.03687614904288364,0.47804771148159636,0.027887721198585614,0.003663093687297569,0.0
HD109423,0.07394569045913998,0.002745181957016699,0.35127009408655957,0.027105261515671126,0.5093478542459012,0.03223407426471416,0.003351843470997227,0.0
HD109684
HD109723,0.08341263978439459,0.00253104500466704,0.39723567010693167,0.028070372820918153,0.4467294181182934,0.03839465006743261,0.0036262040973624923,0.0
HD109988
HD110291,0.0818013481165257,0.002936467792761749,0.39827583104813563,0.031499589657118146,0.4501581564519093,0.03193318244546637,0.003395424488083147,0.0
HD110557,0.08040879339636652,0.0027159858140840235,0.3954667853104299,0.029267725274243803,0.4573723004405912,0.03140629719470327,0.0033621125695812814,0.0
HD110619
HD110668,0.07565935601578688,0.004011761977257962,0.3563066359453695,0.03730532397297218,0.49271450300136793,0.030476176498847034,0.0035262425883986247,0.0
HD111031,0.0782904315273717,0.004294451915569471,0.37367672290236426,0.03631462648263146,0.4760198746717444,0.027813695726981967,0.003590196773336781,0.0
HD111232
HD111515
HD111564,0.08135780172877416,0.003655289569808015,0.3883224580629722,0.034959997064492807,0.4573123659945254,0.030900640133077726,0.003491447446349639,0.0
HD111777
HD112100,0.08178583406515028,0.002954601542438292,0.4080425630174723,0.029648134553122454,0.4428502937716738,0.031211979782002637,0.00350659326814024,0.0
HD11226,0.07863000251847244,0.0037843733329490556,0.37275645714582606,0.0354863020649385,0.4742091742263427,0.031692332135697464,0.0034413585757738607,0.0
HD112283,0.07626237775354104,0.0033637978892332226,0.348476622451627,0.0263896896962015,0.49911107236415114,0.04094576648453932,0.0054506733607067055,0.0
HD112540,0.07812189599280418,0.0032575419815302933,0.36347376272723125,0.03398728838970745,0.4813054855673105,0.035864752778206575,0.003989272563209842,0.0
HD113101
HD113513
HD113569,0.08324940049401137,0.0032468119240781543,0.4044634699851465,0.031003485709943726,0.43952350619944064,0.03491083322313995,0.0036024924642395657,0.0
HD113679
HD11397
HD114076
HD114386,0.08319750156455483,0.0032117295820868665,0.4080141493676198,0.035030162106719276,0.4327806836269896,0.03404747533517752,0.0037182984168519125,0.0
HD114561,0.07989283148988145,0.0033879668686696567,0.37343682982566584,0.034790327122937365,0.47165206274483346,0.032934359023562995,0.003905622924449251,0.0
HD114613,0.07840700621468472,0.0040848580452564395,0.37598687210184145,0.033565028280772596,0.47512477612918697,0.029426869471654404,0.003404589756603416,0.0
HD114729
HD114747
HD114783
HD114853,0.08221074259186105,0.0026529324405756846,0.40221102483805066,0.03286236313168752,0.4434472143354148,0.03316624436155066,0.003449478300859814,0.0
HD11505
HD115341,0.07907775428781329,0.003750351192546948,0.3648667914411761,0.03474598199729902,0.4761729341168389,0.03742618369916928,0.003960003265156537,0.0
HD115499,0.07941977532833029,0.002886267193290708,0.3762148350152421,0.028537735904327153,0.46972872832947704,0.03965164983610289,0.0035610083932297,0.0
HD115585,0.07949669400713356,0.005372519048287679,0.3880991115310331,0.03419414040022009,0.464245818070808,0.025136251958288974,0.003455464984228601,0.0
HD115617,0.08186119371705954,0.0028932669274960854,0.3986419086313276,0.0330270934245945,0.4462701192194593,0.033927006642074285,0.003379411437988707,0.0
HD115674,0.08066133928266653,0.003209663110975171,0.3793613922827757,0.03210119810294766,0.46625218702038473,0.034738727977265536,0.003675492222984771,0.0
HD115773,0.07870180239274974,0.0032868889703856394,0.3687613531206024,0.03530434224403405,0.47518777605587526,0.03480309933977823,0.003954737876574637,0.0
HD115902,0.0829547104903718,0.0033072549700983354,0.40262247542823953,0.0332590671950346,0.4437842427296123,0.030675581538302257,0.0033966676483410787,0.0
HD11608,0.07087220355551975,0.003888583045456335,0.3277131675473969,0.04396303057334408,0.5211115468329415,0.028741084415720895,0.0037103840296204504,0.0
HD116259
HD116284,0.07811605624208547,0.002960801947971631,0.36824278867724775,0.03356243290658401,0.4805951788341102,0.03279715230034708,0.0037255890916539887,0.0
HD116410,0.07712400013919724,0.004402089575333484,0.36112717949466816,0.03550793827806554,0.48667994727776887,0.031712097453620414,0.0034467477813461466,0.0
HD11683,0.08806698944105172,0.0018866455540622225,0.4312603312721697,0.03199028547220585,0.40806638420798896,0.035118472020453144,0.003610892032068412,0.0
HD116858,0.07782326705929844,0.0028197395275932416,0.36704071222574186,0.030476588725870418,0.4837403897006248,0.03454740242058783,0.0035519003402834674,0.0
HD116883,0.0798101898737704,0.0021251468094278495,0.3896679061650339,0.0251498800482287,0.46593928189565664,0.034148327344453396,0.0031592678634291254,0.0
HD116920,0.08133505824553132,0.0030260654740918327,0.3842275763350712,0.0331109618420549,0.4583461889187958,0.03642501253882613,0.0035291366456289717,0.0
HD116963,0.07807459163626149,0.0022332822742029707,0.3488295478494825,0.043446719410639496,0.4781029376755834,0.04526125972023989,0.004051661433590211,0.0
HD1171
HD117105
HD117207,0.07877663276166118,0.003795601363791938,0.37842247640591004,0.03288564878588302,0.47497301204176867,0.027669296598990013,0.0034773320419951475,0.0
HD117359,0.08152449018800931,0.002426350780492369,0.39906193789803335,0.029124036936811325,0.4552388300528568,0.029339122270642736,0.0032852318731541644,0.0
HD117618,0.0793464354640512,0.0037169053420439396,0.37555213252587255,0.03567086100448433,0.47011478945365714,0.03207957838244514,0.0035192978274457163,0.0
HD117938,0.07683989117297911,0.004223785202719994,0.3510796659583409,0.031418209986289455,0.48841627667467363,0.044411333116880294,0.003610837888116691,0.0
HD118466,0.07617412665280034,0.0032946484018845277,0.358463689780033,0.03394075854976349,0.4962351916870437,0.02840584211012345,0.0034857428183515137,0.0
HD118563,0.08122762341528653,0.0031346801349552635,0.3803042765382813,0.03314545491429789,0.4644726595237585,0.033912997155628455,0.0038023083177921107,0.0
HD119173
HD119291,0.0782280586642446,0.005903925538285646,0.3610660620406063,0.038271532951001046,0.4681463204290597,0.04526610348267151,0.003117996894131251,0.0
HD11938,0.06805276463680263,0.004235282557842427,0.3080251720863349,0.034537973619745754,0.5395935647776307,0.042333759514764764,0.0032214828068789073,0.0
HD119503,0.06982035276283717,0.0028722198068509364,0.32599915238516924,0.02900494540151479,0.5377766363547105,0.03096652506340905,0.003560168225508256,0.0
HD119629,0.06717023569483427,0.002663152509837562,0.3054649357495002,0.03531928809804904,0.5464444192744177,0.038671904232414955,0.004266064440946235,0.0
HD119638,0.07785096984293242,0.0034658321806268753,0.3698321494823446,0.03289005094536237,0.4786465469419856,0.03380636919064532,0.00350808141610278,0.0
HD11964A,0.08161205543147601,0.002487093137531224,0.4083429753421435,0.028338876993577563,0.44633904337313063,0.029635152608772846,0.003244803113368275,0.0
HD119782,0.07876849751925714,0.00295344851291025,0.37771063098358915,0.02826982041994271,0.47656969548394706,0.03242167822223119,0.0033062288581224195,0.0
HD119949
HD120344,0.08188803978788343,0.0027313216491779784,0.3992543763223104,0.03360185072642104,0.4474978665201837,0.03150697280067735,0.0035195721933460925,0.0
HD120362,0.09156207443089086,0.0011527709328041926,0.4692076724260613,0.02457200268886454,0.3790753659211632,0.031103272327715287,0.00332684127250067,0.0
HD120491,0.08977427091273885,0.0019139722345872631,0.44047155462189097,0.028565952789901466,0.3958377425539928,0.03957751390979696,0.003858992977091546,0.0
HD121004
HD121504,0.07815802276486912,0.003282202651133039,0.3638621822696205,0.0353548174955089,0.4807696348450077,0.03483158721034937,0.003741552763511329,0.0
HD122308,0.07635931048867038,0.0028917035669228006,0.35838261424241685,0.03289171923253024,0.49171152457742306,0.03418097780282929,0.0035821500892074497,0.0
HD122474,0.08128467508039855,0.003881161311193286,0.38604933617820475,0.0353673158052166,0.4607842131162506,0.02910997299195585,0.0035233255167802795,0.0
HD122862,0.07809348508995727,0.003430334804519051,0.3725791069919286,0.033619737438209826,0.4761197170226204,0.03256004463538694,0.0035975740173778,0.0
HD123265
HD123319
HD12345,0.0803666668210834,0.002984278036907715,0.3921416608158018,0.03230925389011397,0.45855440006878817,0.030195969941680674,0.003447770425624198,0.0
HD123517,0.07714460738347423,0.003336888458537109,0.37059565192980776,0.026752889138108513,0.48747015832710333,0.031148905054581563,0.003550899708387534,0.0
HD123619
HD123651
HD1237,0.07672593850614376,0.0033165072959796247,0.3580343148604594,0.02638778999545106,0.49541361352686303,0.03660632170806415,0.0035155141070389814,0.0
HD12387
HD124106,0.07602468722315608,0.0027691829131343813,0.3598708314236618,0.028840986900723987,0.4966496403501702,0.03247264297391214,0.0033720282152415724,0.0
HD124292
HD124364,0.08030256140408963,0.0027185808353711884,0.3971622276554267,0.02869034310658134,0.4557202477270824,0.032044066299517525,0.0033619729719311185,0.0
HD124785
HD125072,0.07976883167983174,0.004841555749569467,0.38489271537033914,0.044813385554576084,0.4553118211578198,0.026837097258597738,0.0035345932292659018,0.0
HD125184,0.08088264141859257,0.0033292242015604784,0.392779983010484,0.032803398658806354,0.4585760908577851,0.02805109382019177,0.0035775680325796596,0.0
HD125271,0.08525168572688271,0.0030527520437743723,0.4084568502569486,0.03716980049203701,0.42546480718251545,0.036826227277496404,0.003777877020345419,0.0
HD125455,0.07982898348089203,0.0030422053761672793,0.3868221251680988,0.03190553411857558,0.46486084663268856,0.030128786932011025,0.0034115182915667903,0.0
HD125522,0.07938593745702503,0.003543218008248917,0.37660903413940483,0.0323062019742009,0.4664280506808687,0.038065029256393365,0.0036625284838582225,0.0
HD125595,0.0820167314974773,0.004164350020275955,0.39937540496298807,0.03952008253138107,0.434994737216206,0.03713755609472394,0.0027911376769476233,0.0
HD125612,0.07871099629967966,0.0033371982660002986,0.36736255420720815,0.0359404537315845,0.4786003273506039,0.03230763456286973,0.003740835582053704,0.0
HD125881,0.07680482760715493,0.003391219193414202,0.3563925855159472,0.03535010616133308,0.4896128346560838,0.034715218342734826,0.003733208523331888,0.0
HD12617,0.07590106117872202,0.0037800183979072965,0.3580719125611556,0.03572282948842385,0.4911607074975114,0.03205772259998481,0.003305748276294992,0.0
HD126525,0.07998134791560271,0.003343343237881924,0.3918512493723395,0.03261650766645821,0.4587615585841772,0.03008642511805536,0.0033595681054850524,0.0
HD126681,0.08795790977212804,0.0007772051614521205,0.36027553081124203,0.018390826479308814,0.49986186210829525,0.02986215508761516,0.0028745105799585866,0.0
HD126793
HD126803
HD126829,0.0774996251418754,0.0032922387853914596,0.3547762100233751,0.03520716093555637,0.4859579574108351,0.03919844666347669,0.004068361039489877,0.0
HD127124,0.0748041074659817,0.0031062674064968165,0.35330247730231373,0.028806847871628197,0.5029328814659112,0.03374295460041984,0.003304463887248562,0.0
HD128113
HD128340
HD128431,0.07998268333730443,0.0032064625244634087,0.39302614978118017,0.030897524351927177,0.45742661914848415,0.03222979160070737,0.003230769255933177,0.0
HD128571,0.07790795385975785,0.003986043262578549,0.37380968034051043,0.028543276618623097,0.476744631097456,0.03492949381656069,0.004078921004513522,0.0
HD128674
HD129191,0.07852724910343241,0.004666884925115453,0.37251132809057574,0.03754788854952812,0.4742310395693242,0.02898620570136527,0.003529404060658792,0.0
HD129229
HD129642
HD129829,0.08026329603500884,0.0069995888926735715,0.37527905127367317,0.03210521858526716,0.4634456547996387,0.03772832221079821,0.0041788682029404245,0.0
HD130322,0.0789142190254406,0.00322197333845258,0.37640486392906125,0.030555513505573614,0.4756305797263888,0.0320057685575767,0.0032670819175064578,0.0
HD13060,0.08142545722236118,0.002961743363451664,0.3903643371588985,0.03271840314085816,0.45611282637654216,0.03294698220639692,0.003470250531491383,0.0
HD130930
HD130989,0.07302069597061261,0.0033961395176704966,0.33698760317691384,0.03376823409095202,0.5118569234308997,0.036884565874302326,0.004085837938649056,0.0
HD130992,0.0840035184617762,0.0032599898970683307,0.4003451623340968,0.03325427857598901,0.4358120257144082,0.03954107362551944,0.0037839513911420365,0.0
HD131183,0.08210262174547658,0.0029263467403026354,0.4079833074573196,0.03590328960079757,0.43915164716845584,0.028321029851751788,0.003611757435896115,0.0
HD131218,0.07743550276696805,0.0033909917018593236,0.3579823296669711,0.030655007386775512,0.48890859198425335,0.03762550798835604,0.004002068504816656,0.0
HD131565,0.0820816129878808,0.002976046718059644,0.39630757373665326,0.028548583945405447,0.4515057926480344,0.03480252789900431,0.003777862064962124,0.0
HD131653
HD131664,0.07800311302604246,0.004104719544926529,0.3692556421909818,0.03487694500543816,0.4801485911920396,0.02993154976588409,0.0036794392746872903,0.0
HD1320,0.07925230148068355,0.002905194013919113,0.3879247114789147,0.02929945843146834,0.4640692825482905,0.03316768921494244,0.0033813628317812504,0.0
HD132411,0.08331318975900406,0.0037288552616370945,0.3952002214777956,0.02977934471798174,0.44406543281360744,0.03985800472288419,0.004054951247089775,0.0
HD13252
HD132569,0.08048258662802524,0.002627918938548505,0.38752825192896223,0.028689910094065182,0.46315288576704083,0.033724182255528874,0.003794264387829115,0.0
HD132648
HD133633
HD134060,0.08162802334884744,0.0036396060470574743,0.3857082666919903,0.036157055896733105,0.45694884819628473,0.0322841866206077,0.003634013198479253,0.0
HD134088
HD134113
HD134606,0.07783305248750765,0.004179726646484258,0.3788625757959392,0.033011029029780946,0.4767806663531384,0.025893195767947037,0.00343975391920254,0.0
HD134664,0.08006590159223739,0.003225254986924756,0.37514178249934593,0.033245518143546655,0.4718109786101285,0.03279025988573093,0.0037203042820860375,0.0
HD134702,0.07728145005008515,0.0028589559479974594,0.3635824162089236,0.0319685903216801,0.4868385632479101,0.0338903198959959,0.00357970432740765,0.0
HD134929B,0.07877345674837981,0.003532941610928305,0.3917749571779191,0.03104025473980735,0.46433128662082335,0.027460879110517856,0.003086223991624248,0.0
HD134985
HD134987
HD135468,0.07702569640868465,0.0031200005287542747,0.35668252156080676,0.03160109909768877,0.49045169091042323,0.03681217597633799,0.004306815517304089,0.0
HD135625,0.07687309901198928,0.003957916085342924,0.3629736398524643,0.0365959512406676,0.48485922597189834,0.03129134360979006,0.0034488242278475647,0.0
HD13578,0.07922723659632053,0.0032288276268591584,0.38296500716952636,0.03588469915668855,0.4644223427061294,0.030798172932051844,0.003473713812424099,0.0
HD136352
HD136713
HD136894,0.08202399232725767,0.00251511947150539,0.396734310316027,0.03040041321165222,0.4539306177758602,0.03107598589345602,0.003319561004241382,0.0
HD137010,0.08083766983328285,0.0025947389372163563,0.3878660420048302,0.028982120011952755,0.4549610843388011,0.041078212094165234,0.003680132779751542,0.0
HD13724,0.0791790349795789,0.0037618152814523622,0.37301697701739045,0.03568414211103928,0.4734937382170599,0.03106847757703904,0.0037958148164400005,0.0
HD137303,0.08346225865630394,0.003389491572960868,0.4031273685627985,0.03436102105722091,0.4372250908244179,0.03482679848514199,0.0036079708411558293,0.0
HD137388
HD137676
HD13789,0.07678674011349833,0.0029843859084171752,0.35936277984487563,0.02943328635875166,0.4907768541252996,0.03772979456983287,0.0029261590793247597,0.0
HD13808,0.21145874281057295,0.021738277561086917,-0.0,0.1326863012066343,0.5594906143279745,0.06284569563314228,0.011780368460589018,-0.0
HD138549,0.07884709396418725,0.003459010220868752,0.38164820529208754,0.030815930216332946,0.4721844723043338,0.02974936672149833,0.0032959212806915215,0.0
HD138799,0.0781250781750528,0.0033185806826568007,0.36853324618472,0.028241591312129024,0.48411641290239565,0.03394834643850156,0.0037167443045441383,0.0
HD1388,0.08025277559167238,0.0032249151043156057,0.38184999556134314,0.03495905460311436,0.46348882640793426,0.032575193088844545,0.0036492396427758654,0.0
HD138914,0.08082485988683144,0.002631424773004389,0.38620362693422644,0.04205876484642863,0.4542526717663507,0.031114203475255887,0.0029144483179025273,0.0
HD139189
HD139332,0.08567713345005284,0.002486095441189936,0.43788522413448533,0.03717175048500615,0.40482755996309916,0.02814782667769152,0.003804409848475237,0.0
HD139536,0.07566593175141272,0.004023510921557262,0.3405983178991255,0.03373841510367886,0.4974750886219734,0.04320231375315204,0.005296421949100368,0.0
HD139590,0.07455616091254713,0.003983564250656658,0.3461048374665249,0.0357064794318021,0.5030436355166228,0.032886291964594354,0.003719030457252141,0.0
HD139710,0.07709806085705438,0.0030786385879806467,0.3618379572505249,0.029865540082994795,0.49044393722395546,0.03430210120150992,0.003373764795979823,0.0
HD139879,0.08572919409768318,0.002308457370207668,0.4342155206664426,0.06287682123349335,0.3858792221134697,0.025460241165004043,0.0035305433536995012,0.0
HD140785,0.07976207528094856,0.0032674220553738304,0.38028446834025353,0.03512732009115369,0.464970032292852,0.03312962830594042,0.0034590536334780544,0.0
HD140901,0.0798015725197433,0.0033488228148480475,0.39116303222475846,0.03068956419696059,0.4612186827828442,0.03030512379547378,0.0034732016653715786,0.0
HD141128,0.07530378663552591,0.0042591587695257225,0.3419072157054402,0.03787021295224516,0.4941940126434202,0.04209214829829551,0.004373464995547355,0.0
HD141597
HD141598
HD141624
HD141937,0.07880578753547762,0.003267023277255305,0.3684374978937817,0.03450024694530542,0.47766182933764456,0.033727317014216704,0.00360029799631865,0.0
HD142,0.06803852807290792,0.0037993007726496862,0.3231322723196894,0.029777999336579812,0.5468312126818455,0.02395576815226665,0.004464918664060951,0.0
HD142022A
HD142709,0.08452032636125738,0.003544391015317417,0.3934301620925212,0.041519973146139824,0.4275178415453838,0.045030065368661006,0.004437240470719307,0.0
HD142879,0.07757015878549661,0.0032771488589542113,0.3724944901307783,0.029088714076328875,0.4803708462229965,0.033762887263154275,0.0034357546622912323,0.0
HD143114
HD143295,0.07632412187724308,0.0028244577604349033,0.36073143560982923,0.02565013936087086,0.4956580738019358,0.03578914867725007,0.0030226229124360863,0.0
HD143638,0.07881886038236857,0.002953556536991747,0.39070492036961757,0.02804802870624782,0.46436763064632897,0.03139201212638052,0.0037149912320646778,0.0
HD14374,0.07845273094260487,0.0031106939405895805,0.37101052853326716,0.029425935656906512,0.48013318460050647,0.03429723557646539,0.003569690749660154,0.0
HD143790,0.0695654589359008,0.004706662633136997,0.31570471824390145,0.03956572849739015,0.5307159908531016,0.0356211722265277,0.004120268610041157,0.0
HD144342,0.07975222917606099,0.0033598145769242775,0.38461875326665285,0.029992975577813306,0.4651096211451552,0.03364245591638997,0.003524150341003266,0.0
HD144411,0.0839396848982586,0.0028871924543070067,0.40899725569251566,0.030760116468676855,0.4299245909173172,0.040018775439093,0.0034723841298317385,0.0
HD144497,0.0830441910644704,0.0030316090298656,0.39972223582937744,0.02935257303592227,0.44385915571264906,0.037524940852823936,0.0034652944748911653,0.0
HD14452,0.09392486338382207,0.001444511939686394,0.4766947105309659,0.040110050640418664,0.3256939315176942,0.05620846174750015,0.005923470239912764,0.0
HD144585,0.0830757356789068,0.0036879122877702362,0.4021521169793883,0.03931985692885111,0.4397404082377507,0.028114456857089618,0.003909513030243279,0.0
HD144589,0.06626631310989223,0.004679060943903288,0.30333084993017606,0.03622684866935603,0.5473479049694009,0.03774019093260613,0.004408831444665223,0.0
HD144628
HD144846,0.08041393288968383,0.003435540211776252,0.3879184540626467,0.027879396086025472,0.4647373496872518,0.0319529099824875,0.003662417080128434,0.0
HD144880
HD145344
HD145377,0.07763855097144653,0.003134319156495457,0.35865771346970865,0.03532318444987699,0.48512972830134976,0.0362457118337712,0.0038707918173513808,0.0
HD145417
HD145598
HD145666,0.08034212888101606,0.0032395637660834185,0.37354688701640815,0.03276992147159897,0.4704345668635371,0.03591671947482252,0.003750212526533609,0.0
HD145809
HD145927,0.08122759037419879,0.0036656085698691266,0.3885482392325939,0.0345995433315963,0.45747819753831787,0.03095539691599181,0.0035254240374322193,0.0
HD1461,0.07861070527123416,0.004119916680484274,0.3839681606340629,0.03431420121422184,0.4666292229842599,0.029007903313953223,0.0033498899017837917,0.0
HD146233,0.08027064379049235,0.0031400890467679493,0.393183362337847,0.03089978019087426,0.45746888890875037,0.03157724599595704,0.0034599897293110696,0.0
HD14635,0.07596546085719512,0.0034146333021713407,0.3513540563964569,0.035584660954668265,0.4909650768594563,0.03909810337962611,0.0036180082504257893,0.0
HD14680,0.07933297311269151,0.002528198588385867,0.3850246784195119,0.028099022907110034,0.46640178846784913,0.03541404898265717,0.0031992895217944125,0.0
HD147147,0.0885580780897253,0.0013552875151058377,0.448719096423862,0.022455320136622218,0.4037389535853919,0.030938381740799745,0.004234882508493017,0.0
HD147195,0.0795390788586825,0.0031069185674371617,0.37511356593523554,0.033352113130885506,0.47261263363772615,0.032462728696047743,0.0038129611739853944,0.0
HD14744,0.07684801353385891,0.0026892953881825737,0.36287264128721197,0.027283184751656118,0.4924679527716289,0.034272505773332934,0.003566406494128571,0.0
HD14745,0.07655567772349257,0.0024379614863074836,0.35071536859191144,0.03806765543830128,0.49246507785740506,0.03522462816430615,0.004533630738275924,0.0
HD14747
HD147512,0.08028224427843801,0.0033975568600908062,0.3941184537345455,0.032649436593263685,0.4567691949922695,0.02946797426161723,0.003315139279775188,0.0
HD147513,0.07248386003092618,0.002982686637088241,0.3232924251236917,0.03586977260745892,0.5163277863669146,0.04330570127069536,0.005737767963224933,0.0
HD147518
HD148156,0.07198572563229723,0.004246008791169465,0.33720591692020097,0.027212536573325258,0.52275205054935,0.032680224179073,0.003917537354583972,0.0
HD148211
HD148303,0.07399677636763255,0.0030150284733447513,0.3411647673288261,0.03332827871230191,0.5087255471641537,0.03590349869446826,0.0038661032592727305,0.0
HD148577
HD14868,0.08077791529580762,0.0033928578756833136,0.37763204465648675,0.03460343419411174,0.4649237037008109,0.03495406834819134,0.003715975928908457,0.0
HD148816,0.07002664544237255,0.0025029605015171132,0.39916387180116014,0.02971674767961796,0.4652366534093668,0.02960379605452262,0.0037493251114428068,0.0
HD149200
HD149396,0.07697148916213711,0.003931963589931893,0.3628864110490819,0.03275933937998685,0.48949365071430617,0.030342159173387426,0.003614986931168666,0.0
HD149724,0.07814449765951753,0.004932884355468521,0.3865161855279382,0.03495628260510793,0.46756948244434043,0.024580832973612483,0.00329983443401502,0.0
HD149747,0.07963624282717816,0.0033549156177356335,0.3862617472342145,0.02638250965553489,0.4648062027779825,0.03558512520395004,0.0039732566834041715,0.0
HD150139
HD150177,0.07357034300846166,0.003579591646666581,0.3448078087078533,0.048543710506190746,0.4908784919405682,0.03448163749579758,0.004138416694461785,0.0
HD150433
HD150437,0.07813035734330274,0.004605738229063922,0.3785560220847434,0.03556023097274778,0.47118105320549986,0.028503279551347842,0.003463318613294579,0.0
HD150474,0.08160122353257379,0.0027208217852486634,0.4019910242963737,0.03085883917355182,0.45176350679432226,0.027663265055298154,0.0034013193626315935,0.0
HD151504,0.08171202644400645,0.0030304908507327115,0.40745483844621727,0.03379707243283665,0.4442999401349219,0.026315112678584163,0.0033905190127009924,0.0
HD151692,0.084081326825855,0.004328408066868301,0.39644051225851534,0.03891188981594593,0.4320396261943057,0.040334206194588745,0.003864030643921126,0.0
HD151772,0.08398361664336955,0.002427241110853621,0.4176345699399469,0.03516340988365736,0.42819620749355747,0.028499878342673934,0.004095076585941031,0.0
HD151933
HD152433,0.07899779176731234,0.0035369016659022984,0.37204989905699665,0.03186238317324236,0.47597189463972367,0.0336307319695166,0.00395039772730602,0.0
HD152533,0.07455585180020961,0.0033109224086329122,0.3416329804475061,0.036398757025800775,0.5026874342236091,0.03750299393227942,0.003911060161962048,0.0
HD153276
HD15337,0.07959054754861164,0.0036355305155035145,0.38978471740251536,0.030250979057876284,0.4634601293991573,0.029638879760362752,0.0036392163159731303,0.0
HD153851,0.0777993149528433,0.002558455548093853,0.3674453983849929,0.02704045363582531,0.4880079436670806,0.033884157587536795,0.0032642762236270374,0.0
HD153950,0.07943034671901263,0.003153486788980515,0.37483932766221445,0.03844483768704346,0.46765992878038026,0.03256687528257472,0.0039051970797938764,0.0
HD154088
HD154195A,0.07971782459116773,0.003379752665475033,0.37939608485641874,0.031606814404000774,0.46963451286905405,0.0327276007213223,0.0035374098925612407,0.0
HD154363,0.08743411358356645,0.0012712573298363575,0.4485332192948955,0.06031801065468511,0.33245979674621867,0.06491233634431093,0.005071266046486907,0.0
HD154387,0.08456077821701224,0.003925949224292647,0.3889642849183151,0.040775390942020144,0.4317928397317129,0.045091939474546545,0.004888817492100494,0.0
HD154577
HD154962,0.07875000206600156,0.004786663376313935,0.38666261551342257,0.03448619205671258,0.4645312934858351,0.027128135687656315,0.0036550978140579057,0.0
HD155717
HD155968,0.08378486593585303,0.0040491805128679064,0.39869602495418777,0.029392962730877246,0.44581156824149587,0.03453950919048402,0.0037258884342341193,0.0
HD156079,0.07763866858185607,0.0043749998316346,0.36862590995610256,0.04704980331609662,0.47111834873747027,0.027720882732347372,0.0034713868444924303,0.0
HD156098,0.06772637167442402,0.0032728154727995,0.3110295181406609,0.04157971111493695,0.540881767887092,0.03151220535907289,0.003997610351013964,0.0
HD15612,0.07800780724470015,0.0030360597619763963,0.36660440768579583,0.029289114768042572,0.48478573204370035,0.034787668988601805,0.0034892095071831536,0.0
HD156411,0.07947589738596086,0.0031428332995490386,0.37814069098358105,0.03192462045194367,0.4697506216795963,0.03387597298598741,0.0036893632133816676,0.0
HD156423
HD156517,0.06911676712045521,0.0033868273978658035,0.32397617703745213,0.030143898689206305,0.5382690223429414,0.03180576914754682,0.003301538264532443,0.0
HD156991,0.0783015182285022,0.0026256582842866154,0.3680768013579576,0.035002614643075344,0.47295973899326155,0.03920166273277032,0.003832005760146337,0.0
HD157172,0.0781524775544043,0.003413100443353606,0.3788808277324081,0.03155969027805144,0.47660142139812334,0.027785207623690588,0.0036072749699685726,0.0
HD157338,0.0785162144025774,0.0034775233617708283,0.3694488164432856,0.03448987812215454,0.4774637696139669,0.03295367347400004,0.003650124582244691,0.0
HD157347,0.08038747756508492,0.003155529000673853,0.3815496538270204,0.03538683394237917,0.464435586861393,0.03152514640230627,0.003559772401142494,0.0
HD157668,0.07989336699049128,0.0027499177714478185,0.3909797484454237,0.026819692549536332,0.4640568031708469,0.03202582917938608,0.0034746418928678193,0.0
HD157830,0.07941433547517625,0.002842708678880711,0.3914246496650075,0.02866223447707733,0.4610612524517035,0.03318737826946955,0.003407440982685259,0.0
HD1581,0.08002131241727738,0.0031555935814733625,0.3857136966152535,0.0338570373631309,0.4610230802794863,0.032487255409357076,0.003742024334021429,0.0
HD15906,0.08017428362663893,0.003465765164778258,0.381047898799654,0.032408045977444754,0.4708732259302567,0.028468684755447622,0.003562095745779573,0.0
HD159868,0.08017969977141676,0.0031088147639951997,0.39396567189164433,0.031003355799717344,0.45756120632438585,0.03084069385951422,0.0033405575893264232,0.0
HD16008,0.0804989536096177,0.0032442677723069375,0.388118347751922,0.030016114154095993,0.46013098186135426,0.03463172717129472,0.00335960767940838,0.0
HD160089,0.07060059130474686,0.00453616458280423,0.3402550183208143,0.024087749451131717,0.524605015918041,0.031546751867192226,0.004368708555269833,0.0
HD160691,0.07979215811294349,0.004241976742940599,0.38276043060601195,0.0354968086354074,0.4663639828962915,0.027780613550733548,0.0035640294556714544,0.0
HD160836,0.08166924939037276,0.0025640162292121706,0.382553273433968,0.02982952759330963,0.4563555583945937,0.04288833805527736,0.004140036903266407,0.0
HD161098,0.0800303151938002,0.00298994170126546,0.39704671437208383,0.029152381011036368,0.45577537677745744,0.0315992041335921,0.003406066810764658,0.0
HD161256
HD16141,0.08301151631840381,0.0029532042166129854,0.3939507102688272,0.03451822500737963,0.45074980841844253,0.031173812434668498,0.003642723335665448,0.0
HD161555
HD161566,0.0663106297474131,0.003631116126055887,0.30190972569423646,0.03473973089305482,0.5497895132613821,0.03905963304237164,0.0045596512354859585,0.0
